X
374
244
237
1370
288
841
754
661
623
1448
657
802
610
672
667
715
646
1129
224
888
1543
382
523
858
885
1068
491
431
182
91
228
131
427
226
139
311
513
331
202
479
107
417
134
728
310
406
213
200
224
400
217
787
136
166
255
493
103
201
138
301
221
126
441
220
188
173
393
342
203
270
371
180
876
349
153
104
336
125
642
254
355
256
255
456
429
449
582
1336
267
425
150
286
158
184
276
415
173
563
137
345
397
875
126
369
1003
306
328
260
97
374
149
460
113
423
373
368
358
347
118
113
342
541
395
412
726
321
256
1141
228
219
212
128
273
191
281
238
618
551
510
375
272
775
318
270
485
586
421
286
423
667
209
449
537
817
249
215
177
461
1120
201
574
954
374
185
732
649
808
218
278
362